0.625000000000 0.113636363636 0.035714285714 0.030844155844 0.025974025974 0.014610389610 0.029220779221 0.042207792208 0.016233766234 0.017857142857 0.021103896104 0.016233766234 0.011363636364 
0.119117647059 0.411764705882 0.091176470588 0.060294117647 0.030882352941 0.023529411765 0.044117647059 0.061764705882 0.041176470588 0.029411764706 0.035294117647 0.030882352941 0.020588235295 
0.064267352185 0.146529562982 0.244215938303 0.133676092545 0.035989717224 0.059125964010 0.071979434447 0.084832904884 0.035989717224 0.051413881748 0.033419023136 0.025706940874 0.012853470438 
0.071823204420 0.138121546961 0.165745856354 0.198895027624 0.011049723757 0.055248618785 0.060773480663 0.049723756906 0.066298342541 0.046961325967 0.030386740331 0.052486187845 0.052486187846 
0.040665434381 0.070240295749 0.024029574861 0.018484288355 0.467652495379 0.088724584104 0.048059149723 0.070240295749 0.044362292052 0.036968576710 0.046210720887 0.022181146026 0.022181146024 
0.027334851936 0.047835990888 0.056947608200 0.036446469248 0.109339407745 0.271070615034 0.111617312073 0.063781321185 0.084282460137 0.059225512528 0.054669703872 0.036446469248 0.041002277906 
0.031250000000 0.073660714286 0.049107142857 0.064732142857 0.046875000000 0.095982142857 0.227678571429 0.040178571429 0.093750000000 0.118303571429 0.051339285714 0.053571428571 0.053571428571 
0.056530214425 0.097465886940 0.038986354776 0.052631578947 0.099415204678 0.066276803119 0.035087719298 0.272904483431 0.091617933723 0.054580896686 0.087719298246 0.037037037037 0.009746588694 
0.045951859956 0.054704595186 0.037199124726 0.043763676149 0.065645514223 0.091903719912 0.072210065646 0.109409190372 0.183807439825 0.091903719912 0.087527352298 0.065645514223 0.050328227572 
0.036324786325 0.055555555556 0.055555555556 0.032051282051 0.059829059829 0.076923076923 0.115384615385 0.074786324786 0.087606837607 0.209401709402 0.044871794872 0.072649572650 0.079059829058 
0.029288702929 0.052301255230 0.031380753138 0.025104602510 0.073221757322 0.056485355649 0.066945606695 0.089958158996 0.075313807531 0.075313807531 0.253138075314 0.108786610879 0.062761506276 
0.014462809917 0.043388429752 0.022727272727 0.020661157025 0.064049586777 0.049586776860 0.045454545455 0.072314049587 0.119834710744 0.097107438017 0.173553719008 0.150826446281 0.126033057850 
0.012631578947 0.033684210526 0.031578947368 0.031578947368 0.027368421053 0.050526315789 0.063157894737 0.052631578947 0.067368421053 0.143157894737 0.098947368421 0.128421052632 0.258947368422 
